54
84
42
82
95
13
80
30
1
10
38
28
97
75
63
61
88
58
29
12
15
59
8
55
3
83
76
79
98
62
67
34
18
23
53
100
33
4
37
48
5
41
52
44
85
51
66
70
7
16
17
22
74
6
14
92
31
65
81
73
99
69
45
50
90
19
49
93
56
20
72
64
71
32
60
9
94
78
77
47
39
96
40
25
26
86
2
91
27
46
11
68
35
89
57
43
36
87
2454
84
42
82
95
13
80
30
1
10
38
28
97
75
63
61
88
58
29
12
15
59
8
55
3
83
76
79
98
62
67
34
18
23
53
100
33
4
37
48
5
41
52
44
85
51
66
70
7
16
17
22
74
6
14
92
31
65
81
73
99
69
45
50
90
19
49
93
56
20
72
64
71
32
60
9
94
78
77
47
39
96
40
25
26
86
2
91
27
46
11
68
35
89
57
43
54
84
42
82
95
13
80
30
1
10
38
28
97
75
63
61
88
58
29
12
15
59
8
55
3
83
76
79
98
62
67
34
18
23
53
100
33
4
37
48
5
41
52
44
85
51
66
70
7
16
17
22
74
6
14
92
31
65
81
73
99
69
45
50
90
19
49
93
56
20
72
64
71
32
60
9
94
78
77
47
39
96
40
25
26
86
2
91
27
46
11
68
35
89
57
43
36
87
24
54
84
42
82
95
13
80
30
1
10
38
28
97
75
63
61
88
58
29
12
15
59
8
55
3
83
76
79
98
62
67
34
18
23
53
100
33
4
37
48
5
41
52
44
85
51
66
70
7
16
17
22
74
6
14
92
31
65
81
73
99
69
45
50
90
19
49
93
56
20
72
64
71
32
60
9
94
78
77
47
39
96
40
25
26
86
2
91
27
46
11
68
35
89
57
43
36
87
24
54
84
42
82
95
13
80
30
1
10
38
28
97
75
63
61
88
58
29
12
15
59
8
55
3
83
76
79
98
62
67
34
18
23
53
100
33
4
37
48
5
41
52
44
85
51
66
70
7
16
17
22
74
6
14
92
31
65
81
73
99
69
45
50
90
19
49
93
56
20
72
64
71
32
60
9
94
78
77
47
39
96
40
25
26
86
2
91
27
46
11
68
35
89
57
4354
84
42
82
95
13
80
30
1
10
38
28
97
75
63
61
88
58
29
12
15
59
8
55
3
83
76
79
98
62
67
34
18
23
53
100
33
4
37
48
5
41
52
44
85
51
66
70
7
16
17
22
74
6
14
92
31
65
81
73
99
69
45
50
90
19
49
93
56
20
72
64
71
32
60
9
94
78
77
47
39
96
40
25
26
86
2
91
27
46
11
68
35
89
57
43
36
87
24
54
84
42
82
95
13
80
30
1
10
38
28
97
75
63
61
88
58
29
12
15
59
8
55
3
83
76
79
98
62
67
34
18
23
53
100
33
4
37
48
5
41
52
44
85
51
66
70
7
16
17
22
74
6
14
92
31
65
81
73
99
69
45
50
90
19
49
93
56
20
72
64
71
32
60
9
94
78
77
47
39
96
40
25
26
86
2
91
27
46
11
68
35
89
57
43
36
87
24
54
84
42
82
95
13
80
30
1
10
38
28
97
75
63
61
88
58
29
12
15
59
8
55
3
83
76
79
98
62
67
34
18
23
53
100
33
4
37
48
5
41
52
44
85
51
66
70
7
16
17
22
74
6
14
92
31
65
81
73
99
69
45
50
90
19
49
93
56
20
72
64
71
32
60
9
94
78
77
47
39
96
40
25
26
86
2
91
27
46
11
68
35
89
57
43
36
87
24
54
84
42
82
95
13
80
30
1
10
38
28
97
75
63
61
88
58
29
12
15
59
8
55
3
83
76
79
98
62
67
34
18
23
53
100
33
4
37
48
5
41
52
44
85
51
66
70
7
16
17
22
74
6
14
92
31
65
81
73
99
69
45
50
90
19
49
93
56
20
72
64
71
32
60
9
94
78
77
47
39
96
40
25
26
86
2
91
27
46
11
68
35
89
57
43
36
87
24
54
84
42
82
95
13
80
30
1
10
38
28
97
75
63
61
88
58
29
12
15
59
8
55
3
83
76
79
98
62
67
34
18
23
53
100
33
4
37
48
5
41
52
44
85
51
66
70
7
16
17
22
74
6
14
92
31
65
81
73
99
69
45
50
90
19
49
93
56
20
72
64
71
32
60
9
94
78
77
47
39
96
40
25
26
86
2
91
27
46
11
68
35
89
57
43
36
87
24
54
84
42
82
95
13
80
30
1
10
38
28
97
75
63
61
88
58
29
12
15
59
8
55
3
83
76
79
98
62
67
34
18
23
53
100
33
4
37
48
5
41
52
44
85
51
66
70
7
16
17
22
74
6
14
92
31
65
81
73
99
69
45
50
90
19
49
93
56
20
72
64
71
32
60
9
94
78
77
47
39
96
40
25
26
86
2
91
27
46
11
68
35
89
57
4354
84
42
82
95
13
80
30
1
10
38
28
97
75
63
61
88
58
29
12
15
59
8
55
3
83
76
79
98
62
67
34
18
23
53
100
33
4
37
48
5
41
52
44
85
51
66
70
7
16
17
22
74
6
14
92
31
65
81
73
99
69
45
50
90
19
49
93
56
20
72
64
71
32
60
9
94
78
77
47
39
96
40
25
26
86
2
91
27
46
11
68
35
89
57
43
36
87
24
54
84
42
82
95
13
80
30
1
10
38
28
97
75
63
61
88
58
29
12
15
59
8
55
3
83
76
79
98
62
67
34
18
23
53
100
33
4
37
48
5
41
52
44
85
51
66
70
7
16
17
22
74
6
14
92
31
65
81
73
99
69
45
50
90
19
49
93
56
20
72
64
71
32
60
9
94
78
77
47
39
96
40
25
26
86
2
91
27
46
11
68
35
89
57
43
36
87
24
54
84
42
82
95
13
80
30
1
10
38
28
97
75
63
61
88
58
29
12
15
59
8
55
3
83
76
79
98
62
67
34
18
23
53
100
33
4
37
48
5
41
52
44
85
51
66
70
7
16
17
22
74
6
14
92
31
65
81
73
99
69
45
50
90
19
49
93
56
20
72
64
71
32
60
9
94
78
77
47
39
96
40
25
26
86
2
91
27
46
11
68
35
89
57
43
36
87
24
54
84
42
82
95
13
80
30
1
10
38
28
97
75
63
61
88
58
29
12
15
59
8
55
3
83
76
79
98
62
67
34
18
23
53
100
33
4
37
48
5
41
52
44
85
51
66
70
7
16
17
22
74
6
14
92
31
65
81
73
99
69
45
50
90
19
49
93
56
20
72
64
71
32
60
9
94
78
77
47
39
96
40
25
26
86
2
91
27
46
11
68
35
89
57
43
36
87
24
54
84
42
82
95
13
80
30
1
10
38
28
97
75
63
61
88
58
29
12
15
59
8
55
3
83
76
79
98
62
67
34
18
23
53
100
33
4
37
48
5
41
52
44
85
51
66
70
7
16
17
22
74
6
14
92
31
65
81
73
99
69
45
50
90
19
49
93
56
20
72
64
71
32
60
9
94
78
77
47
39
96
40
25
26
86
2
91
27
46
11
68
35
89
57
43
36
87
24
54
84
42
82
95
13
80
30
1
10
38
28
97
75
63
61
88
58
29
12
15
59
8
55
3
83
76
79
98
62
67
34
18
23
53
100
33
4
37
48
5
41
52
44
85
51
66
70
7
16
17
22
74
6
14
92
31
65
81
73
99
69
45
50
90
19
49
93
56
20
72
64
71
32
60
9
94
78
77
47
39
96
40
25
26
86
2
91
27
46
11
68
35
89
57
43
36
87
24
54
84
42
82
95
13
80
30
1
10
38
28
97
75
63
61
88
58
29
12
15
59
8
55
3
83
76
79
98
62
67
34
18
23
53
100
33
4
37
48
5
41
52
44
85
51
66
70
7
16
17
22
74
6
14
92
31
65
81
73
99
69
45
50
90
19
49
93
56
20
72
64
71
32
60
9
94
78
77
47
39
96
40
25
26
86
2
91
27
46
11
68
35
89
57
43
36
87
24
54
84
42
82
95
13
80
30
1
10
38
28
97
75
63
61
88
58
29
12
15
59
8
55
3
83
76
79
98
62
67
34
18
23
53
100
33
4
37
48
5
41
52
44
85
51
66
70
7
16
17
22
74
6
14
92
31
65
81
73
99
69
45
50
90
19
49
93
56
20
72
64
71
32
60
9
94
78
77
47
39
96
40
25
26
86
2
91
27
46
11
68
35
89
57
43
36
87
24
54
84
42
82
95
13
80
30
1
10
38
28
97
75
63
61
88
58
29
12
15
59
8
55
3
83
76
79
98
62
67
34
18
23
53
100
33
4
37
48
5
41
52
44
85
51
66
70
7
16
17
22
74
6
14
92
31
65
81
73
99
69
45
50
90
19
49
93
56
20
72
64
71
32
60
9
94
78
77
47
39
96
40
25
26
86
2
91
27
46
11
68
35
89
57
43
36
87
24
54
84
42
82
95
13
80
30
1
10
38
28
97
75
63
61
88
58
29
12
15
59
8
55
3
83
76
79
98
62
67
34
18
23
53
100
33
4
37
48
5
41
52
44
85
51
66
70
7
16
17
22
74
6
14
92
31
65
81
73
99
69
45
50
90
19
49
93
56
20
72
64
71
32
60
9
94
78
77
47
39
96
40
25
26
86
2
91
27
46
11
68
35
89
57
43
36
87
24
54
84
42
82
95
13
80
30
1
10
38
28
97
75
63
61
88
58
29
12
15
59
8
55
3
83
76
79
98
62
67
34
18
23
53
100
33
4
37
48
5
41
52
44
85
51
66
70
7
16
17
22
74
6
14
92
31
65
81
73
99
69
45
50
90
19
49
93
56
20
72
64
71
32
60
9
94
78
77
47
39
96
40
25
26
86
2
91
27
46
11
68
35
89
57
43
36
87
24
36
87
24
36
87
24
36
87
24