1
1314
1111
1209
11935
855
123445
1201
911
7145
4456
8763
9118
8911
7900
5253
1714
3
88
198823
99918
11123
5411412
1232131
14141
57163
123218

1314
1111
1209
11935
855
123445
1201
911
7145
4456
8763
9118
8911
7900
5253
1714
3
88
198823
99918
11123
5411412
1232131
14141
57163
123218

1314
1111
1209
11935
855
123445
1201
911
7145
4456
8763
9118
8911
7900
5253
1714
3
88
198823
99918
11123
5411412
1232131
14141
57163
123218

1314
1111
1209
11935
855
123445
1201
911
7145
4456
8763
9118
8911
7900
5253
1714
3
88
198823
99918
11123
5411412
1232131
14141
57163
123218

1314
1111
1209
11935
855
123445
1201
911
7145
4456
8763
9118
8911
7900
5253
1714
3
881314
1111
1209
11935
855
123445
1201
911
7145
4456
8763
9118
8911
7900
5253
1714
3
88
198823
99918
11123
5411412
1232131
14141
57163
123218

1314
1111
1209
11935
855
123445
1201
911
7145
4456
8763
9118
8911
7900
5253
1714
3
88
198823
99918
11123
5411412
1232131
14141
57163
123218

1314
1111
1209
11935
855
123445
1201
911
7145
4456
8763
9118
8911
7900
5253
1714
3
88
198823
99918
11123
5411412
1232131
14141
57163
123218

1314
1111
1209
11935
855
123445
1201
911
7145
4456
8763
9118
8911
7900
5253
1714
3
88
198823
99918
11123
5411412
1232131
14141
57163
123218

1314
1111
1209
11935
855
123445
1201
911
7145
4456
8763
9118
8911
7900
5253
1714
3
88
198823
99918
11123
5411412
1232131
14141
57163
123218

1314
1111
1209
11935
855
123445
1201
911
7145
4456
8763
9118
8911
7900
5253
1714
3
88
198823
99918
11123
5411412
1232131
14141
57163
123218

1314
1111
1209
11935
855
123445
1201
911
7145
4456
8763
9118
8911
7900
5253
1714
3
88
198823
99918
11123
5411412
1232131
14141
57163
123218

1314
1111
1209
11935
855
123445
1201
911
7145
4456
8763
9118
8911
7900
5253
1714
3
88
198823
99918
11123
5411412
1232131
14141
57163
123218

1314
1111
1209
11935
855
123445
1201
911
7145
4456
8763
9118
8911
7900
5253
1714
3
88
198823
99918
11123
5411412
1232131
14141
57163
123218

1314
1111
1209
11935
855
123445
1201
911
7145
4456
8763
9118
8911
7900
5253
1714
3
88
198823
99918
11123
5411412
1232131
14141
57163
123218

1314
1111
1209
11935
855
123445
1201
911
7145
4456
8763
9118
8911
7900
5253
1714
3
88
198823
99918
11123
5411412
1232131
14141
57163
123218

1314
1111
1209
11935
855
123445
1201
911
7145
4456
8763
9118
8911
7900
5253
1714
3
88
198823
99918
11123
5411412
1232131
14141
57163
123218

1314
1111
1209
11935
855
123445
1201
911
7145
4456
8763
9118
8911
7900
5253
1714
3
88
198823
99918
11123
5411412
1232131
14141
57163
123218

1314
1111
1209
11935
855
123445
1201
911
7145
4456
8763
9118
8911
7900
5253
1714
3
881314
1111
1209
11935
855
123445
1201
911
7145
4456
8763
9118
8911
7900
5253
1714
3
88
198823
99918
11123
5411412
1232131
14141
57163
123218
198823
99918
11123
5411412
1232131
14141
57163
123218
198823
99918
11123
5411412
1232131
14141
57163
123218
314
1111
1209
11935
855
123445
1201
911
7145
4456
8763
9118
8911
7900
5253
1714
3
88
198823
99918
11123
5411412
1232131
14141
57163
123218
