	136
	534
	411
	650
	131
	391
	225
	474
	156
	334
	393
	983
	707
	894
	756
	103
	871
	735
	482
	896
	145
	180
	359
	984
	59
	520
	713
	764
	309
	251
	270
	686
	525
	32
	616
	75
	544
	923
	808
	317
	308
	543
	340
	113
	914
	379
	865
	211
	566
	448
	93
	395
	912
	904
	625
	920
	386
	551
	384
	868
	881
	7
	526
	559
	494
	167
	783
	941
	746
	337
	821
	542
	710
	102
	591
	838
	765
	826
	55
	410
	27
	769
	34
	913
	361
	796
	449
	622
	585
	507
	433
	140
	960
	940
	629
	157
	431
	688
	595
	470
	947
	138
	130
	998
	413
	758
	50
	366
	268
	988
	870
	624
	832
	90
	631
	663
	931
	606
	189
	285
	320
	367
	652
	35
	215
	226
	859
	350
	855
	235
	809
	203
	889
	695
	824
	236
	199
	533
	761
	555
	135
	306
	388
	439
	560
	289
	438
	197
	505
	546
	174
	950
	300
	795
	139
	119
	86
	401
	801
	687
	539
	858
	120
	245
	31
	805
	234
	265
	596
	163
	812
	723
	709
	763
	463
	313
	994
	148
	564
	253
	254
	352
	675
	109
	377
	703
	658
	396
	122
	949
	492
	822
	572
	70
	296
	670
	348
	302
	143
	49
	820
	326
	193
	999
	486
	275
	116
	475
	576
	716
	67
	753
	800
	946
	770
	959
	548
	862
	962
	577
	72
	682
	978
	829
	132
	485
	898
	666
	974
	996
	240
	985
	568
	732
	421
	450
	445
	454
	238
	198
	981
	118
	841
	437
	721
	387
	581
	849
	899
	424
	80
	573
	863
	567
	592
	793
	91
	608
	195
	429
	673
	861
	258
	921
	404
	150
	133
	178
	902
	698
	708
	58
	848
	751
	718
	587
	925
	593
	325
	844
	407
	817
	165
	47
	574
	89
	447
	895
	971
	599
	655
	191
	376
	257
	477
	578
	414
	146
	734
	123
	294
	664
	241
	607
	866
	840
	343
	134
	742
	467
	892
	661
	547
	453
	13
	48
	371
	223
	589
	909
	654
	771
	755
	458
	464
	440
	480
	705
	311
	385
	121
	95
	405
	790
	953
	484
	256
	789
	864
	594
	828
	639
	926
	101
	845
	609
	76
	299
	692
	318
	378
	932
	373
	857
	297
	43
	515
	759
	218
	937
	693
	678
	142
	127
	409
	955
	597
	274
	570
	78
	362
	575
	696
	672
	151
	697
	518
	418
	173
	604
	508
	890
	282
	948
	33
	231
	613
	172
	665
	924
	279
	18
	71
	536
	954
	774
	351
	852
	478
	408
	339
	667
	481
	668
	785
	415
	545
	304
	126
	784
	647
	512
	649
	85
	310
	779
	15
	14
	531
	510
	635
	327
	588
	287
	29
	827
	747
	816
	278
	671
	730
	498
	836
	897
	726
	878
	967
	459
	290
	319
	781
	452
	117
	62
	725
	704
	619
	934
	182
	217
	843
	782
	906
	406
	969
	8
	338
	483
	457
	169
	434
	166
	527
	503
	82
	674
	246
	56
	640
	94
	277
	900
	88
	997
	626
	354
	455
	702
	903
	129
	369
	230
	110
	196
	689
	961
	818
	740
	645
	353
	266
	853
	835
	333
	660
	632
	4
	46
	97
	558
	987
	876
	233
	584
	281
	562
	803
	623
	426
	620
	806
	513
	125
	717
	273
	149
	188
	976
	389
	114
	965
	814
	460
	792
	346
	893
	451
	372
	358
	815
	247
	244
	87
	540
	873
	797
	991
	549
	743
	872
	618
	880
	760
	57
	141
	638
	727
	16
	963
	422
	100
	919
	115
	432
	636
	36
	910
	602
	615
	839
	938
	966
	691
	221
	158
	99
	802
	239
	291
	419
	772
	360
	476
	190
	775
	677
	205
	659
	977
	749
	370
	724
	171
	472
	61
	541
	26
	106
	12
	905
	416
	344
	435
	314
	579
	506
	869
	303
	322
	30
	554
	381
	690
	517
	669
	939
	355
	402
	442
	9
	989
	922
	911
	269
	22
	628
	341
	398
	598
	25
	630
	553
	719
	466
	888
	394
	644
	152
	556
	943
	993
	74
	105
	286
	159
	390
	744
	748
	680
	882
	108
	762
	441
	617
	752
	933
	53
	212
	79
	524
	819
	964
	288
	648
	298
	956
	757
	736
	700
	224
	528
	207
	462
	51
	283
	201
	356
	417
	154
	945
	243
	714
	834
	496
	875
	363
	745
	798
	242
	128
	877
	3
	501
	168
	176
	810
	874
	153
	336
	627
	813
	968
	493
	951
	194
	400
	222
	529
	611
	942
	699
	272
	263
	425
	711
	349
	329
	917
	392
	552
	733
	737
	383
	208
	292
	214
	24
	185
	887
	975
	634
	261
	345
	192
	497
	202
	738
	637
	436
	720
	918
	255
	107
	271
	653
	586
	804
	837
	706
	280
	397
	521
	701
	786
	916
	187
	446
	823
	788
	530
	52
	811
	332
	342
	731
	605
	219
	92
	928
	500
	315
	11
	111
	842
	328
	473
	65
	867
	10
	54
	124
	427
	499
	684
	787
	209
	851
	694
	791
	38
	884
	846
	778
	986
	491
	766
	729
	63
	891
	565
	970
	39
	237
	739
	651
	479
	927
	603
	715
	676
	399
	516
	412
	347
	646
	561
	488
	471
	662
	456
	461
	854
	213
	206
	443
	509
	84
	557
	571
	601
	2
	365
	825
	228
	728
	321
	935
	17
	316
	523
	502
	538
	305
	200
	831
	879
	380
	883
	504
	357
	1
	990
	495
	995
	45
	186
	375
	23
	112
	175
	66
	177
	860
	284
	307
	777
	382
	982
	992
	550
	37
	252
	679
	656
	469
	170
	468
	77
	295
	44
	229
	633
	780
	794
	19
	511
	227
	979
	641
	741
	42
	260
	681
	21
	83
	69
	590
	657
	642
	580
	164
	754
	856
	403
	364
	685
	519
	930
	276
	324
	428
	267
	936
	41
	490
	323
	104
	489
	301
	614
	612
	535
	768
	929
	160
	162
	799
	423
	161
	569
	907
	583
	487
	420
	537
	958
	767
	374
	643
	750
	262
	155
	216
	5
	248
	807
	776
	331
	522
	330
	64
	600
	847
	293
	980
	60
	68
	264
	915
	137
	259
	773
	40
	944
	833
	722
	465
	204
	147
	957
	885
	850
	712
	183
	582
	886
	312
	973
	621
	830
	972
	368
	901
	20
	184
	98
	430
	563
	181
	73
	220
	444
	232
	335
	210
	144
	249
	908
	1000
	683
	6
	96
	250
	81
	610
	28
	532
	179
	952
	514